bolha             8 0  0.000000200          49           0 1
bolha            16 0  0.000000800         225           0 1
bolha            32 0  0.000004700         961           0 1
bolha            64 0  0.000012900        3969           0 1
bolha           128 0  0.000052000       16129           0 1
bolha           256 0  0.000206000       65025           0 1
bolha           512 0  0.000817300      261121           0 1
bolha          1024 0  0.003315900     1046529           0 1
bolha          2048 0  0.013378400     4190209           0 1
bolha          4096 0  0.053106100    16769025           0 1
bolha          8192 0  0.213646500    67092481           0 1
bolha         16384 0  0.851169600   268402689           0 1
bolha         32768 0  3.401115800  1073676289           0 1
bolha         65536 0 13.555451100  4294836225           0 1
bolha             8 1  0.000000400          49          36 1
bolha            16 1  0.000001000         225          96 1
bolha            32 1  0.000005100         961         768 1
bolha            64 1  0.000023900        3969        2694 1
bolha           128 1  0.000096600       16129       10788 1
bolha           256 1  0.000309900       65025       43578 1
bolha           512 1  0.001236800      261121      177951 1
bolha          1024 1  0.005072000     1046529      728640 1
bolha          2048 1  0.019990600     4190209     2814987 1
bolha          4096 1  0.080281300    16769025    11480358 1
bolha          8192 1  0.328329800    67092481    46131639 1
bolha         16384 1  1.347170500   268402689   180804393 1
bolha         32768 1  5.933898800  1073676289   730074948 1
bolha             8 2  0.000000500          49          84 1
bolha            16 2  0.000001700         225         360 1
bolha            32 2  0.000006800         961        1488 1
bolha            64 2  0.000028200        3969        6048 1
bolha           128 2  0.000111500       16129       24384 1
bolha           256 2  0.000438900       65025       97920 1
bolha           512 2  0.001744200      261121      392448 1
bolha          1024 2  0.007041300     1046529     1571328 1
bolha          2048 2  0.028287400     4190209     6288384 1
bolha          4096 2  0.112604500    16769025    25159680 1
bolha          8192 2  0.454080400    67092481   100651008 1
bolha         16384 2  1.809503300   268402689   402628608 1
bolha         32768 2  7.263348400  1073676289  1610563584 1
bolha2            8 0  0.000000200          28           0 1
bolha2           16 0  0.000000400         120           0 1
bolha2           32 0  0.000001700         496           0 1
bolha2           64 0  0.000006800        2016           0 1
bolha2          128 0  0.000026500        8128           0 1
bolha2          256 0  0.000105000       32640           0 1
bolha2          512 0  0.000418100      130816           0 1
bolha2         1024 0  0.001665200      523776           0 1
bolha2         2048 0  0.006652900     2096128           0 1
bolha2         4096 0  0.026538700     8386560           0 1
bolha2         8192 0  0.106640100    33550336           0 1
bolha2        16384 0  0.427150800   134209536           0 1
bolha2        32768 0  1.705394800   536854528           0 1
bolha2        65536 0  6.787701500  2147450880           0 1
bolha2            8 1  0.000000200          28          36 1
bolha2           16 1  0.000000800         120          96 1
bolha2           32 1  0.000003800         496         768 1
bolha2           64 1  0.000013600        2016        2694 1
bolha2          128 1  0.000053700        8128       10788 1
bolha2          256 1  0.000216400       32640       43578 1
bolha2          512 1  0.000878200      130816      177951 1
bolha2         1024 1  0.003464600      523776      728640 1
bolha2         2048 1  0.013474600     2096128     2814987 1
bolha2         4096 1  0.054166600     8386560    11480358 1
bolha2         8192 1  0.222718500    33550336    46131639 1
bolha2        16384 1  0.925288400   134209536   180804393 1
bolha2        32768 1  4.233543100   536854528   730074948 1
bolha2        65536 1  9.548897600  2147450880   796951797 1
bolha2            8 2  0.000000400          28          84 1
bolha2           16 2  0.000001300         120         360 1
bolha2           32 2  0.000005500         496        1488 1
bolha2           64 2  0.000021500        2016        6048 1
bolha2          128 2  0.000084800        8128       24384 1
bolha2          256 2  0.000337400       32640       97920 1
bolha2          512 2  0.001339000      130816      392448 1
bolha2         1024 2  0.005327200      523776     1571328 1
bolha2         2048 2  0.021238300     2096128     6288384 1
bolha2         4096 2  0.085975300     8386560    25159680 1
bolha2         8192 2  0.345468200    33550336   100651008 1
bolha2        16384 2  1.386945000   134209536   402628608 1
bolha2        32768 2  5.537757300   536854528  1610563584 1
bolha3            8 0  0.000000100           7           0 1
bolha3           16 0  0.000000100          15           0 1
bolha3           32 0  0.000000100          31           0 1
bolha3           64 0  0.000000300          63           0 1
bolha3          128 0  0.000000500         127           0 1
bolha3          256 0  0.000000900         255           0 1
bolha3          512 0  0.000001600         511           0 1
bolha3         1024 0  0.000003200        1023           0 1
bolha3         2048 0  0.000006400        2047           0 1
bolha3         4096 0  0.000012700        4095           0 1
bolha3         8192 0  0.000025400        8191           0 1
bolha3        16384 0  0.000050800       16383           0 1
bolha3        32768 0  0.000127400       32767           0 1
bolha3        65536 0  0.000203900       65535           0 1
bolha3       131072 0  0.000407300      131071           0 1
bolha3       262144 0  0.000820700      262143           0 1
bolha3       524288 0  0.001692100      524287           0 1
bolha3      1048576 0  0.003365900     1048575           0 1
bolha3      2097152 0  0.006723800     2097151           0 1
bolha3      4194304 0  0.013533300     4194303           0 1
bolha3      8388608 0  0.027220900     8388607           0 1
bolha3     16777216 0  0.054785700    16777215           0 1
bolha3     33554432 0  0.108976500    33554431           0 1
bolha3     67108864 0  0.217707700    67108863           0 1
bolha3    134217728 0  0.439458200   134217727           0 1
bolha3    268435456 0  0.992641200   268435455           0 1
bolha3            8 1  0.000000300          27          36 1
bolha3           16 1  0.000000700         110          96 1
bolha3           32 1  0.000003900         481         768 1
bolha3           64 1  0.000014000        2013        2694 1
bolha3          128 1  0.000058900        7992       10788 1
bolha3          256 1  0.000216100       32450       43578 1
bolha3          512 1  0.000862600      130410      177951 1
bolha3         1024 1  0.003455900      522830      728640 1
bolha3         2048 1  0.013756600     2095632     2814987 1
bolha3         4096 1  0.054502000     8380455    11480358 1
bolha3         8192 1  0.221992000    33533865    46131639 1
bolha3        16384 1  0.908215200   134196333   180804393 1
bolha3        32768 1  4.108520100   536826562   730074948 1
bolha3        65536 1  7.668489000  1602670344   796951797 1
bolha3            8 2  0.000000300          28          84 1
bolha3           16 2  0.000001400         120         360 1
bolha3           32 2  0.000005600         496        1488 1
bolha3           64 2  0.000021800        2016        6048 1
bolha3          128 2  0.000084700        8128       24384 1
bolha3          256 2  0.000338700       32640       97920 1
bolha3          512 2  0.001342000      130816      392448 1
bolha3         1024 2  0.005382000      523776     1571328 1
bolha3         2048 2  0.021578000     2096128     6288384 1
bolha3         4096 2  0.086629800     8386560    25159680 1
bolha3         8192 2  0.351036700    33550336   100651008 1
bolha3        16384 2  1.407137000   134209536   402628608 1
bolha3        32768 2  5.600449300   536854528  1610563584 1
bolha4            8 0  0.000000100           7           0 1
bolha4           16 0  0.000000100          15           0 1
bolha4           32 0  0.000000100          31           0 1
bolha4           64 0  0.000000500          63           0 1
bolha4          128 0  0.000000500         127           0 1
bolha4          256 0  0.000000900         255           0 1
bolha4          512 0  0.000001700         511           0 1
bolha4         1024 0  0.000003500        1023           0 1
bolha4         2048 0  0.000006900        2047           0 1
bolha4         4096 0  0.000013700        4095           0 1
bolha4         8192 0  0.000027200        8191           0 1
bolha4        16384 0  0.000054400       16383           0 1
bolha4        32768 0  0.000109200       32767           0 1
bolha4        65536 0  0.000218100       65535           0 1
bolha4       131072 0  0.000436400      131071           0 1
bolha4       262144 0  0.000872900      262143           0 1
bolha4       524288 0  0.001749700      524287           0 1
bolha4      1048576 0  0.003534200     1048575           0 1
bolha4      2097152 0  0.007267800     2097151           0 1
bolha4      4194304 0  0.014647400     4194303           0 1
bolha4      8388608 0  0.028886400     8388607           0 1
bolha4     16777216 0  0.058018700    16777215           0 1
bolha4     33554432 0  0.116533400    33554431           0 1
bolha4     67108864 0  0.232862900    67108863           0 1
bolha4    134217728 0  0.466315600   134217727           0 1
bolha4    268435456 0  0.929349400   268435455           0 1
bolha4            8 1  0.000000200          22          36 1
bolha4           16 1  0.000000800          78          96 1
bolha4           32 1  0.000003400         416         768 1
bolha4           64 1  0.000013400        2013        2694 1
bolha4          128 1  0.000052900        7992       10788 1
bolha4          256 1  0.000213800       31638       43578 1
bolha4          512 1  0.000872200      128869      177951 1
bolha4         1024 1  0.003511300      520378      728640 1
bolha4         2048 1  0.013776400     2084241     2814987 1
bolha4         4096 1  0.055290000     8366630    11480358 1
bolha4         8192 1  0.221840500    33472931    46131639 1
bolha4        16384 1  0.921424800   134137327   180804393 1
bolha4        32768 1  4.180646800   536706477   730074948 1
bolha4        65536 1  4.342187700   536755803   796951797 1
bolha4       131072 1  4.415475100   536870643   801324327 1
bolha4       262144 1  4.451028600   536693158   806254221 1
bolha4       524288 1  4.449340900   537187911   800960466 1
bolha4      1048576 1  4.450943100   537795871   799701948 1
bolha4      2097152 1  4.468877000   538818279   810174831 1
bolha4      4194304 1  4.447095900   540961718   802412832 1
bolha4      8388608 1  4.458848300   545066419   804705318 1
bolha4     16777216 1  4.520798300   553238969   802605699 1
bolha4     33554432 1  4.561070600   570188843   802406247 1
bolha4     67108864 1  4.649843100   603619317   810839766 1
bolha4    134217728 1  4.892902700   670922471   805563798 1
bolha4    268435456 1  5.386896700   805166680   803803917 1
bolha4            8 2  0.000000400          28          84 1
bolha4           16 2  0.000001700         120         360 1
bolha4           32 2  0.000005500         496        1488 1
bolha4           64 2  0.000021400        2016        6048 1
bolha4          128 2  0.000084600        8128       24384 1
bolha4          256 2  0.000338700       32640       97920 1
bolha4          512 2  0.001349300      130816      392448 1
bolha4         1024 2  0.005421100      523776     1571328 1
bolha4         2048 2  0.021830100     2096128     6288384 1
bolha4         4096 2  0.088280700     8386560    25159680 1
bolha4         8192 2  0.347948800    33550336   100651008 1
bolha4        16384 2  1.389919900   134209536   402628608 1
bolha4        32768 2  5.495079300   536854528  1610563584 1
insercao          8 0  0.000000000           7           7 1
insercao         16 0  0.000000100          15          15 1
insercao         32 0  0.000000100          31          31 1
insercao         64 0  0.000000300          63          63 1
insercao        128 0  0.000000600         127         127 1
insercao        256 0  0.000001100         255         255 1
insercao        512 0  0.000002000         511         511 1
insercao       1024 0  0.000004000        1023        1023 1
insercao       2048 0  0.000007900        2047        2047 1
insercao       4096 0  0.000015800        4095        4095 1
insercao       8192 0  0.000031500        8191        8191 1
insercao      16384 0  0.000101100       16383       16383 1
insercao      32768 0  0.000125900       32767       32767 1
insercao      65536 0  0.000252000       65535       65535 1
insercao     131072 0  0.000499000      131071      131071 1
insercao     262144 0  0.001005700      262143      262143 1
insercao     524288 0  0.002012800      524287      524287 1
insercao    1048576 0  0.004060000     1048575     1048575 1
insercao    2097152 0  0.008304200     2097151     2097151 1
insercao    4194304 0  0.016585700     4194303     4194303 1
insercao    8388608 0  0.033091300     8388607     8388607 1
insercao   16777216 0  0.066134200    16777215    16777215 1
insercao   33554432 0  0.131983200    33554431    33554431 1
insercao   67108864 0  0.266342600    67108863    67108863 1
insercao  134217728 0  0.533925800   134217727   134217727 1
insercao  268435456 0  1.178319600   268435455   268435455 1
insercao          8 1  0.000000100          19          23 1
insercao         16 1  0.000000400          46          57 1
insercao         32 1  0.000001300         284         311 1
insercao         64 1  0.000005300         958        1020 1
insercao        128 1  0.000014800        3718        3847 1
insercao        256 1  0.000055900       14777       15031 1
insercao        512 1  0.000222100       59824       60335 1
insercao       1024 1  0.000884600      243900      244921 1
insercao       2048 1  0.003389100      940373      942420 1
insercao       4096 1  0.013798600     3830877     3834967 1
insercao       8192 1  0.055829800    15385401    15393582 1
insercao      16384 1  0.220020900    60284507    60300890 1
insercao      32768 1  0.882472300   243391083   243423838 1
insercao      65536 1  0.971845400   265716128   265748890 1
insercao     131072 1  0.981882000   267239172   267271933 1
insercao     262144 1  0.985466600   269013542   269046310 1
insercao     524288 1  0.980440600   267511098   267543868 1
insercao    1048576 1  0.978496700   267615879   267648643 1
insercao    2097152 1  1.001832100   272155419   272188187 1
insercao    4194304 1  0.994633100   271665237   271698005 1
insercao    8388608 1  1.012877500   276623704   276656471 1
insercao   16777216 1  1.048102600   284312439   284345198 1
insercao   33554432 1  1.120613400   301023170   301055934 1
insercao   67108864 1  1.331439900   337388777   337421546 1
insercao  134217728 1  1.503411700   402738984   402771750 1
insercao  268435456 1  2.042278500   536370089   536402852 1
insercao          8 2  0.000000200          28          42 1
insercao         16 2  0.000000500         120         150 1
insercao         32 2  0.000002100         496         558 1
insercao         64 2  0.000008000        2016        2142 1
insercao        128 2  0.000030700        8128        8382 1
insercao        256 2  0.000120000       32640       33150 1
insercao        512 2  0.000473700      130816      131838 1
insercao       1024 2  0.001897100      523776      525822 1
insercao       2048 2  0.007508600     2096128     2100222 1
insercao       4096 2  0.030202600     8386560     8394750 1
insercao       8192 2  0.120700700    33550336    33566718 1
insercao      16384 2  0.484128200   134209536   134242302 1
insercao      32768 2  1.960574800   536854528   536920062 1
insercao      65536 2  7.771218300  2147450880  2147581950 1
selecao           8 0  0.000000200          28           0 1
selecao          16 0  0.000000400         120           0 1
selecao          32 0  0.000001600         496           0 1
selecao          64 0  0.000006600        2016           0 1
selecao         128 0  0.000025200        8128           0 1
selecao         256 0  0.000103300       32640           0 1
selecao         512 0  0.000510200      130816           0 1
selecao        1024 0  0.001635200      523776           0 1
selecao        2048 0  0.006527300     2096128           0 1
selecao        4096 0  0.025856300     8386560           0 1
selecao        8192 0  0.104925500    33550336           0 1
selecao       16384 0  0.420890700   134209536           0 1
selecao       32768 0  1.675535100   536854528           0 1
selecao       65536 0  6.680978100  2147450880           0 1
selecao           8 1  0.000000100          28          12 1
selecao          16 1  0.000000500         120          30 1
selecao          32 1  0.000001800         496          72 1
selecao          64 1  0.000006700        2016         150 1
selecao         128 1  0.000027500        8128         312 1
selecao         256 1  0.000108400       32640         654 1
selecao         512 1  0.000412800      130816        1275 1
selecao        1024 1  0.001651700      523776        2598 1
selecao        2048 1  0.006410100     2096128        5163 1
selecao        4096 1  0.025533900     8386560       10410 1
selecao        8192 1  0.102575700    33550336       20673 1
selecao       16384 1  0.417638000   134209536       41163 1
selecao       32768 1  1.661987500   536854528       82482 1
selecao       65536 1  6.688219200  2147450880       96477 1
selecao           8 2  0.000000100          28          12 1
selecao          16 2  0.000000500         120          24 1
selecao          32 2  0.000001700         496          48 1
selecao          64 2  0.000008300        2016          96 1
selecao         128 2  0.000026700        8128         192 1
selecao         256 2  0.000101000       32640         384 1
selecao         512 2  0.000394800      130816         768 1
selecao        1024 2  0.001568200      523776        1536 1
selecao        2048 2  0.006339400     2096128        3072 1
selecao        4096 2  0.025716500     8386560        6144 1
selecao        8192 2  0.104464100    33550336       12288 1
selecao       16384 2  0.420423900   134209536       24576 1
selecao       32768 2  1.667854900   536854528       49152 1
selecao       65536 2  6.648080400  2147450880       98304 1
shell             8 0  0.000000100          11          11 1
shell            16 0  0.000000200          33          33 1
shell            32 0  0.000000500          90          90 1
shell            64 0  0.000000900         225         225 1
shell           128 0  0.000002300         545         545 1
shell           256 0  0.000005300        1309        1309 1
shell           512 0  0.000012300        3056        3056 1
shell          1024 0  0.000027800        6963        6963 1
shell          2048 0  0.000060500       15155       15155 1
shell          4096 0  0.000125800       31539       31539 1
shell          8192 0  0.000256500       64307       64307 1
shell         16384 0  0.000517700      129843      129843 1
shell         32768 0  0.001044200      260915      260915 1
shell         65536 0  0.002096400      523059      523059 1
shell        131072 0  0.004194900     1047347     1047347 1
shell        262144 0  0.008367400     2095923     2095923 1
shell        524288 0  0.016813200     4193075     4193075 1
shell       1048576 0  0.033874100     8387379     8387379 1
shell       2097152 0  0.068320000    16775987    16775987 1
shell       4194304 0  0.136654800    33553203    33553203 1
shell       8388608 0  0.273523500    67107635    67107635 1
shell      16777216 0  0.548338500   134216499   134216499 1
shell      33554432 0  1.101804700   268434227   268434227 1
shell      67108864 0  2.203278000   536869683   536869683 1
shell     134217728 0  4.409392000  1073740595  1073740595 1
shell     268435456 0  8.825687400  2147482419  2147482419 1
shell             8 1  0.000000200          15          22 1
shell            16 1  0.000000300          55          73 1
shell            32 1  0.000000800         140         192 1
shell            64 1  0.000002000         391         517 1
shell           128 1  0.000005000        1021        1361 1
shell           256 1  0.000011300        2386        3152 1
shell           512 1  0.000026700        5725        7493 1
shell          1024 1  0.000087000       13497       17563 1
shell          2048 1  0.000308800       30508       39460 1
shell          4096 1  0.000581600       68664       88124 1
shell          8192 1  0.001296300      159324      200176 1
shell         16384 1  0.002950000      382393      467059 1
shell         32768 1  0.006812800      996260     1169779 1
shell         65536 1  0.008018200     1294519     1470585 1
shell        131072 1  0.010076500     1809026     1982747 1
shell        262144 1  0.014386100     2880029     3055049 1
shell        524288 1  0.022733400     4959078     5135231 1
shell       1048576 1  0.039926000     9162245     9336566 1
shell       2097152 1  0.074187300    17559753    17735961 1
shell       4194304 1  0.142778100    34328732    34504669 1
shell       8388608 1  0.279645100    67876742    68051407 1
shell      16777216 1  0.556837200   134987264   135162585 1
shell      33554432 1  1.105996400   269201295   269375670 1
shell      67108864 1  2.210886600   537643101   537817722 1
shell     134217728 1  4.409746200  1074523487  1074699443 1
shell     268435456 1  8.843207100  2148269278  2148445320 1
shell             8 2  0.000000200          20          37 1
shell            16 2  0.000000400          46          74 1
shell            32 2  0.000000800         129         186 1
shell            64 2  0.000002000         333         476 1
shell           128 2  0.000004100         796        1171 1
shell           256 2  0.000010400        1961        2883 1
shell           512 2  0.000021000        4244        5848 1
shell          1024 2  0.000046900        9695       12915 1
shell          2048 2  0.000113700       22395       31619 1
shell          4096 2  0.000254700       51477       71054 1
shell          8192 2  0.000584700      122842      157338 1
shell         16384 2  0.001591300      345459      417970 1
shell         32768 2  0.005764500     1069121     1212331 1
shell         65536 2  0.016376800     3680091     3970875 1
shell        131072 2  0.058096600    13504593    14096410 1
shell        262144 2  0.220303400    51588157    52863204 1
shell        524288 2  0.853955900   201285664   203853918 1
shell       1048576 2  3.439780200   794533248   799541932 1
shell       2097152 2 28.756666300  3157103066  3166669192 1
heap              8 0  0.000000300          27          66 1
heap             16 0  0.000000800          85         174 1
heap             32 0  0.000002200         231         438 1
heap             64 0  0.000005200         593        1086 1
heap            128 0  0.000012700        1459        2550 1
heap            256 0  0.000046800        3452        5916 1
heap            512 0  0.000066600        7958       13392 1
heap           1024 0  0.000184600       18060       29904 1
heap           2048 0  0.000415900       40204       65592 1
heap           4096 0  0.000887400       88835      145080 1
heap           8192 0  0.001907600      194316      315918 1
heap          16384 0  0.004090000      421566      678174 1
heap          32768 0  0.008625800      908636     1450884 1
heap          65536 0  0.018486600     1948406     3103476 1
heap         131072 0  0.038851700     4162037     6619530 1
heap         262144 0  0.082896500     8849195    13993836 1
heap         524288 0  0.175044100    18755632    29504094 1
heap        1048576 0  0.372255600    39624024    62411652 1
heap        2097152 0  0.791549400    83541065   131598516 1
heap        4194304 0  1.682561700   175606952   275400024 1
heap        8388608 0  3.488340400   368034321   575248878 1
heap       16777216 0  7.277110600   769550366  1202009298 1
heap              8 1  0.000000300          26          60 1
heap             16 1  0.000000800          81         162 1
heap             32 1  0.000002000         225         408 1
heap             64 1  0.000004800         573         990 1
heap            128 1  0.000011600        1406        2370 1
heap            256 1  0.000034700        3291        5454 1
heap            512 1  0.000063000        7687       12579 1
heap           1024 1  0.000167200       17418       28266 1
heap           2048 1  0.000425200       38818       62475 1
heap           4096 1  0.000956300       85984      137478 1
heap           8192 1  0.002109500      188453      299607 1
heap          16384 1  0.004559100      409353      648165 1
heap          32768 1  0.009932500      884392     1394154 1
heap          65536 1  0.019598500     1928794     3060267 1
heap         131072 1  0.040050700     4140865     6566613 1
heap         262144 1  0.083455600     8827020    13959873 1
heap         524288 1  0.176413400    18731054    29472546 1
heap        1048576 1  0.373047500    39605144    62365716 1
heap        2097152 1  0.779541300    83520291   131541603 1
heap        4194304 1  1.636157000   175585546   275362188 1
heap        8388608 1  3.495725200   368011864   575199900 1
heap       16777216 1  7.289820300   769529382  1201986573 1
heap              8 2  0.000000300          24          48 1
heap             16 2  0.000000700          72         126 1
heap             32 2  0.000001700         202         336 1
heap             64 2  0.000004300         525         864 1
heap            128 2  0.000010500        1294        2106 1
heap            256 2  0.000025000        3106        4926 1
heap            512 2  0.000057900        7203       11316 1
heap           1024 2  0.000156100       16407       25626 1
heap           2048 2  0.000385600       36973       57762 1
heap           4096 2  0.000836800       82304      127590 1
heap           8192 2  0.001789400      180760      279546 1
heap          16384 2  0.003858400      394520      609096 1
heap          32768 2  0.008201600      854980     1319508 1
heap          65536 2  0.017539900     1839970     2823660 1
heap         131072 2  0.037609500     3939957     6042396 1
heap         262144 2  0.080040300     8397651    12861132 1
heap         524288 2  0.169756700    17868727    27357426 1
heap        1048576 2  0.364192600    37875507    57876864 1
heap        2097152 2  0.790514800    79876672   121982370 1
heap        4194304 2  1.680856400   168211150   256778124 1
heap        8388608 2  3.551068500   353631236   540161646 1
heap       16777216 2  7.473691600   740250344  1126609704 1
merge             8 0  0.000000300          12          48 1
merge            16 0  0.000000700          32         128 1
merge            32 0  0.000001400          80         320 1
merge            64 0  0.000003300         192         768 1
merge           128 0  0.000008200         448        1792 1
merge           256 0  0.000016400        1024        4096 1
merge           512 0  0.000042800        2304        9216 1
merge          1024 0  0.000081000        5120       20480 1
merge          2048 0  0.000173800       11264       45056 1
merge          4096 0  0.000376800       24576       98304 1
merge          8192 0  0.000815700       53248      212992 1
merge         16384 0  0.001722600      114688      458752 1
merge         32768 0  0.003747700      245760      983040 1
merge         65536 0  0.008340100      524288     2097152 1
merge        131072 0  0.017131000     1114112     4456448 1
merge        262144 0  0.035586800     2359296     9437184 1
merge        524288 0  0.075124700     4980736    19922944 1
merge       1048576 0  0.158509500    10485760    41943040 1
merge       2097152 0  0.335710800    22020096    88080384 1
merge       4194304 0  0.706304800    46137344   184549376 1
merge       8388608 0  1.466420200    96468992   385875968 1
merge      16777216 0  3.061993700   201326592   805306368 1
merge      33554432 0  6.328511200   419430400  1677721600 1
merge             8 1  0.000000400          16          48 1
merge            16 1  0.000000700          43         128 1
merge            32 1  0.000001600         117         320 1
merge            64 1  0.000003600         308         768 1
merge           128 1  0.000008100         730        1792 1
merge           256 1  0.000018200        1712        4096 1
merge           512 1  0.000041200        3972        9216 1
merge          1024 1  0.000111800        8948       20480 1
merge          2048 1  0.000278900       19890       45056 1
merge          4096 1  0.000615700       44014       98304 1
merge          8192 1  0.001323100       96045      212992 1
merge         16384 1  0.002840800      208611      458752 1
merge         32768 1  0.006051100      449903      983040 1
merge         65536 1  0.010748600      728615     2097152 1
merge        131072 1  0.019765900     1318462     4456448 1
merge        262144 1  0.038144400     2563627     9437184 1
merge        524288 1  0.077597200     5184965    19922944 1
merge       1048576 1  0.161314600    10689989    41943040 1
merge       2097152 1  0.339146000    22224285    88080384 1
merge       4194304 1  0.708443500    46341501   184549376 1
merge       8388608 1  1.468681100    96673430   385875968 1
merge      16777216 1  3.065030300   201530913   805306368 1
merge      33554432 1  6.357345100   419634756  1677721600 1
merge             8 2  0.000000600          12          48 1
merge            16 2  0.000000700          32         128 1
merge            32 2  0.000001400          80         320 1
merge            64 2  0.000003400         192         768 1
merge           128 2  0.000007400         448        1792 1
merge           256 2  0.000016300        1024        4096 1
merge           512 2  0.000035600        2304        9216 1
merge          1024 2  0.000079200        5120       20480 1
merge          2048 2  0.000170700       11264       45056 1
merge          4096 2  0.000370200       24576       98304 1
merge          8192 2  0.000794300       53248      212992 1
merge         16384 2  0.001695700      114688      458752 1
merge         32768 2  0.003641900      245760      983040 1
merge         65536 2  0.007988400      524288     2097152 1
merge        131072 2  0.016835000     1114112     4456448 1
merge        262144 2  0.035395200     2359296     9437184 1
merge        524288 2  0.074420000     4980736    19922944 1
merge       1048576 2  0.157701300    10485760    41943040 1
merge       2097152 2  0.334161400    22020096    88080384 1
merge       4194304 2  0.699252500    46137344   184549376 1
merge       8388608 2  1.471531900    96468992   385875968 1
merge      16777216 2  3.073288000   201326592   805306368 1
merge      33554432 2  6.335548400   419430400  1677721600 1
quick             8 0  0.000000200          35           0 1
quick            16 0  0.000000500         135           0 1
quick            32 0  0.000001800         527           0 1
quick            64 0  0.000006900        2079           0 1
quick           128 0  0.000025900        8255           0 1
quick           256 0  0.000100100       32895           0 1
quick           512 0  0.000395800      131327           0 1
quick          1024 0  0.001578100      524799           0 1
quick          2048 0  0.006419500     2098175           0 1
quick          4096 0  0.025284100     8390655           0 1
quick          8192 0  0.100846800    33558527           0 1
quick         16384 0  0.406188300   134225919           0 1
quick         32768 0  1.618248200   536887295           0 1
quick         65536 0  6.458735500  2147516415           0 1
quick             8 1  0.000000400          22          12 1
quick            16 1  0.000000400          60          30 1
quick            32 1  0.000001000         161          78 1
quick            64 1  0.000002300         418         198 1
quick           128 1  0.000005000         908         510 1
quick           256 1  0.000013000        2519        1158 1
quick           512 1  0.000028100        4983        2679 1
quick          1024 1  0.000059900       11649        5970 1
quick          2048 1  0.000199000       30705       12681 1
quick          4096 1  0.000456300       61170       28878 1
quick          8192 1  0.001072500      150113       61113 1
quick         16384 1  0.002138300      280910      132825 1
quick         32768 1  0.004827900      673887      283284 1
quick         65536 1  1.620383500   537857522      327891 1
quick        131072 1 14.544101600  4833465933      329919 1
quick             8 2  0.000000200          31          12 1
quick            16 2  0.000000700         127          24 1
quick            32 2  0.000001900         511          48 1
quick            64 2  0.000007100        2047          96 1
quick           128 2  0.000026600        8191         192 1
quick           256 2  0.000102600       32767         384 1
quick           512 2  0.000402800      131071         768 1
quick          1024 2  0.001598900      524287        1536 1
quick          2048 2  0.006418600     2097151        3072 1
quick          4096 2  0.025623200     8388607        6144 1
quick          8192 2  0.102970900    33554431       12288 1
quick         16384 2  0.412799800   134217727       24576 1
quick         32768 2  1.651050600   536870911       49152 1
quick         65536 2  6.746461400  2147483647       98304 1